store_name,reviewr_name,reviewr_id,reviewr_url
きたまえ船,,,
